{
 "cells": [
  {
   "cell_type": "code",
   "execution_count": 1,
   "metadata": {},
   "outputs": [],
   "source": [
    "import numpy as np\n",
    "import matplotlib.pyplot as plt\n",
    "from sklearn.datasets import make_blobs\n",
    "from sklearn.model_selection import train_test_split\n",
    "from sklearn.metrics import accuracy_score\n",
    "from scipy.spatial.distance import cdist"
   ]
  },
  {
   "cell_type": "markdown",
   "metadata": {},
   "source": [
    "In the example below we will create simple LogisticRegression model and train it on synthetic data. We will use three different ways to do gradient descent \n",
    "1. Stochastic SGD 2. Batch-SGD 3. Diversified Mini-Batch SGD (DM-SGD)"
   ]
  },
  {
   "cell_type": "code",
   "execution_count": 13,
   "metadata": {},
   "outputs": [
    {
     "name": "stdout",
     "output_type": "stream",
     "text": [
      "[[1.         0.08207765 0.0416344  ... 0.99132414 0.97900149 0.95118444]\n",
      " [0.08207765 1.         0.96003385 ... 0.09774177 0.12736831 0.14261353]\n",
      " [0.0416344  0.96003385 1.         ... 0.05068344 0.06851667 0.07794857]\n",
      " ...\n",
      " [0.99132414 0.09774177 0.05068344 ... 1.         0.98733186 0.98067772]\n",
      " [0.97900149 0.12736831 0.06851667 ... 0.98733186 1.         0.98482381]\n",
      " [0.95118444 0.14261353 0.07794857 ... 0.98067772 0.98482381 1.        ]]\n",
      "[[1.         0.08207765 0.0416344  ... 0.99132414 0.97900149 0.95118444]\n",
      " [0.08207765 1.         0.96003385 ... 0.09774177 0.12736831 0.14261353]\n",
      " [0.0416344  0.96003385 1.         ... 0.05068344 0.06851667 0.07794857]\n",
      " ...\n",
      " [0.99132414 0.09774177 0.05068344 ... 1.         0.98733186 0.98067772]\n",
      " [0.97900149 0.12736831 0.06851667 ... 0.98733186 1.         0.98482381]\n",
      " [0.95118444 0.14261353 0.07794857 ... 0.98067772 0.98482381 1.        ]]\n",
      "[[1.         0.08207765 0.0416344  ... 0.99132414 0.97900149 0.95118444]\n",
      " [0.08207765 1.         0.96003385 ... 0.09774177 0.12736831 0.14261353]\n",
      " [0.0416344  0.96003385 1.         ... 0.05068344 0.06851667 0.07794857]\n",
      " ...\n",
      " [0.99132414 0.09774177 0.05068344 ... 1.         0.98733186 0.98067772]\n",
      " [0.97900149 0.12736831 0.06851667 ... 0.98733186 1.         0.98482381]\n",
      " [0.95118444 0.14261353 0.07794857 ... 0.98067772 0.98482381 1.        ]]\n",
      "[[1.         0.08207765 0.0416344  ... 0.99132414 0.97900149 0.95118444]\n",
      " [0.08207765 1.         0.96003385 ... 0.09774177 0.12736831 0.14261353]\n",
      " [0.0416344  0.96003385 1.         ... 0.05068344 0.06851667 0.07794857]\n",
      " ...\n",
      " [0.99132414 0.09774177 0.05068344 ... 1.         0.98733186 0.98067772]\n",
      " [0.97900149 0.12736831 0.06851667 ... 0.98733186 1.         0.98482381]\n",
      " [0.95118444 0.14261353 0.07794857 ... 0.98067772 0.98482381 1.        ]]\n",
      "[[1.         0.08207765 0.0416344  ... 0.99132414 0.97900149 0.95118444]\n",
      " [0.08207765 1.         0.96003385 ... 0.09774177 0.12736831 0.14261353]\n",
      " [0.0416344  0.96003385 1.         ... 0.05068344 0.06851667 0.07794857]\n",
      " ...\n",
      " [0.99132414 0.09774177 0.05068344 ... 1.         0.98733186 0.98067772]\n",
      " [0.97900149 0.12736831 0.06851667 ... 0.98733186 1.         0.98482381]\n",
      " [0.95118444 0.14261353 0.07794857 ... 0.98067772 0.98482381 1.        ]]\n",
      "[[1.         0.08207765 0.0416344  ... 0.99132414 0.97900149 0.95118444]\n",
      " [0.08207765 1.         0.96003385 ... 0.09774177 0.12736831 0.14261353]\n",
      " [0.0416344  0.96003385 1.         ... 0.05068344 0.06851667 0.07794857]\n",
      " ...\n",
      " [0.99132414 0.09774177 0.05068344 ... 1.         0.98733186 0.98067772]\n",
      " [0.97900149 0.12736831 0.06851667 ... 0.98733186 1.         0.98482381]\n",
      " [0.95118444 0.14261353 0.07794857 ... 0.98067772 0.98482381 1.        ]]\n",
      "[[1.         0.08207765 0.0416344  ... 0.99132414 0.97900149 0.95118444]\n",
      " [0.08207765 1.         0.96003385 ... 0.09774177 0.12736831 0.14261353]\n",
      " [0.0416344  0.96003385 1.         ... 0.05068344 0.06851667 0.07794857]\n",
      " ...\n",
      " [0.99132414 0.09774177 0.05068344 ... 1.         0.98733186 0.98067772]\n",
      " [0.97900149 0.12736831 0.06851667 ... 0.98733186 1.         0.98482381]\n",
      " [0.95118444 0.14261353 0.07794857 ... 0.98067772 0.98482381 1.        ]]\n",
      "[[1.         0.08207765 0.0416344  ... 0.99132414 0.97900149 0.95118444]\n",
      " [0.08207765 1.         0.96003385 ... 0.09774177 0.12736831 0.14261353]\n",
      " [0.0416344  0.96003385 1.         ... 0.05068344 0.06851667 0.07794857]\n",
      " ...\n",
      " [0.99132414 0.09774177 0.05068344 ... 1.         0.98733186 0.98067772]\n",
      " [0.97900149 0.12736831 0.06851667 ... 0.98733186 1.         0.98482381]\n",
      " [0.95118444 0.14261353 0.07794857 ... 0.98067772 0.98482381 1.        ]]\n",
      "[[1.         0.08207765 0.0416344  ... 0.99132414 0.97900149 0.95118444]\n",
      " [0.08207765 1.         0.96003385 ... 0.09774177 0.12736831 0.14261353]\n",
      " [0.0416344  0.96003385 1.         ... 0.05068344 0.06851667 0.07794857]\n",
      " ...\n",
      " [0.99132414 0.09774177 0.05068344 ... 1.         0.98733186 0.98067772]\n",
      " [0.97900149 0.12736831 0.06851667 ... 0.98733186 1.         0.98482381]\n",
      " [0.95118444 0.14261353 0.07794857 ... 0.98067772 0.98482381 1.        ]]\n",
      "[[1.         0.08207765 0.0416344  ... 0.99132414 0.97900149 0.95118444]\n",
      " [0.08207765 1.         0.96003385 ... 0.09774177 0.12736831 0.14261353]\n",
      " [0.0416344  0.96003385 1.         ... 0.05068344 0.06851667 0.07794857]\n",
      " ...\n",
      " [0.99132414 0.09774177 0.05068344 ... 1.         0.98733186 0.98067772]\n",
      " [0.97900149 0.12736831 0.06851667 ... 0.98733186 1.         0.98482381]\n",
      " [0.95118444 0.14261353 0.07794857 ... 0.98067772 0.98482381 1.        ]]\n",
      "[[1.         0.08207765 0.0416344  ... 0.99132414 0.97900149 0.95118444]\n",
      " [0.08207765 1.         0.96003385 ... 0.09774177 0.12736831 0.14261353]\n",
      " [0.0416344  0.96003385 1.         ... 0.05068344 0.06851667 0.07794857]\n",
      " ...\n",
      " [0.99132414 0.09774177 0.05068344 ... 1.         0.98733186 0.98067772]\n",
      " [0.97900149 0.12736831 0.06851667 ... 0.98733186 1.         0.98482381]\n",
      " [0.95118444 0.14261353 0.07794857 ... 0.98067772 0.98482381 1.        ]]\n",
      "[[1.         0.08207765 0.0416344  ... 0.99132414 0.97900149 0.95118444]\n",
      " [0.08207765 1.         0.96003385 ... 0.09774177 0.12736831 0.14261353]\n",
      " [0.0416344  0.96003385 1.         ... 0.05068344 0.06851667 0.07794857]\n",
      " ...\n",
      " [0.99132414 0.09774177 0.05068344 ... 1.         0.98733186 0.98067772]\n",
      " [0.97900149 0.12736831 0.06851667 ... 0.98733186 1.         0.98482381]\n",
      " [0.95118444 0.14261353 0.07794857 ... 0.98067772 0.98482381 1.        ]]\n",
      "[[1.         0.08207765 0.0416344  ... 0.99132414 0.97900149 0.95118444]\n",
      " [0.08207765 1.         0.96003385 ... 0.09774177 0.12736831 0.14261353]\n",
      " [0.0416344  0.96003385 1.         ... 0.05068344 0.06851667 0.07794857]\n",
      " ...\n",
      " [0.99132414 0.09774177 0.05068344 ... 1.         0.98733186 0.98067772]\n",
      " [0.97900149 0.12736831 0.06851667 ... 0.98733186 1.         0.98482381]\n",
      " [0.95118444 0.14261353 0.07794857 ... 0.98067772 0.98482381 1.        ]]\n",
      "[[1.         0.08207765 0.0416344  ... 0.99132414 0.97900149 0.95118444]\n",
      " [0.08207765 1.         0.96003385 ... 0.09774177 0.12736831 0.14261353]\n",
      " [0.0416344  0.96003385 1.         ... 0.05068344 0.06851667 0.07794857]\n",
      " ...\n",
      " [0.99132414 0.09774177 0.05068344 ... 1.         0.98733186 0.98067772]\n",
      " [0.97900149 0.12736831 0.06851667 ... 0.98733186 1.         0.98482381]\n",
      " [0.95118444 0.14261353 0.07794857 ... 0.98067772 0.98482381 1.        ]]\n",
      "[[1.         0.08207765 0.0416344  ... 0.99132414 0.97900149 0.95118444]\n",
      " [0.08207765 1.         0.96003385 ... 0.09774177 0.12736831 0.14261353]\n",
      " [0.0416344  0.96003385 1.         ... 0.05068344 0.06851667 0.07794857]\n",
      " ...\n",
      " [0.99132414 0.09774177 0.05068344 ... 1.         0.98733186 0.98067772]\n",
      " [0.97900149 0.12736831 0.06851667 ... 0.98733186 1.         0.98482381]\n",
      " [0.95118444 0.14261353 0.07794857 ... 0.98067772 0.98482381 1.        ]]\n",
      "[[1.         0.08207765 0.0416344  ... 0.99132414 0.97900149 0.95118444]\n",
      " [0.08207765 1.         0.96003385 ... 0.09774177 0.12736831 0.14261353]\n",
      " [0.0416344  0.96003385 1.         ... 0.05068344 0.06851667 0.07794857]\n",
      " ...\n",
      " [0.99132414 0.09774177 0.05068344 ... 1.         0.98733186 0.98067772]\n",
      " [0.97900149 0.12736831 0.06851667 ... 0.98733186 1.         0.98482381]\n",
      " [0.95118444 0.14261353 0.07794857 ... 0.98067772 0.98482381 1.        ]]\n",
      "[[1.         0.08207765 0.0416344  ... 0.99132414 0.97900149 0.95118444]\n",
      " [0.08207765 1.         0.96003385 ... 0.09774177 0.12736831 0.14261353]\n",
      " [0.0416344  0.96003385 1.         ... 0.05068344 0.06851667 0.07794857]\n",
      " ...\n",
      " [0.99132414 0.09774177 0.05068344 ... 1.         0.98733186 0.98067772]\n",
      " [0.97900149 0.12736831 0.06851667 ... 0.98733186 1.         0.98482381]\n",
      " [0.95118444 0.14261353 0.07794857 ... 0.98067772 0.98482381 1.        ]]\n",
      "[[1.         0.08207765 0.0416344  ... 0.99132414 0.97900149 0.95118444]\n",
      " [0.08207765 1.         0.96003385 ... 0.09774177 0.12736831 0.14261353]\n",
      " [0.0416344  0.96003385 1.         ... 0.05068344 0.06851667 0.07794857]\n",
      " ...\n",
      " [0.99132414 0.09774177 0.05068344 ... 1.         0.98733186 0.98067772]\n",
      " [0.97900149 0.12736831 0.06851667 ... 0.98733186 1.         0.98482381]\n",
      " [0.95118444 0.14261353 0.07794857 ... 0.98067772 0.98482381 1.        ]]\n",
      "[[1.         0.08207765 0.0416344  ... 0.99132414 0.97900149 0.95118444]\n",
      " [0.08207765 1.         0.96003385 ... 0.09774177 0.12736831 0.14261353]\n",
      " [0.0416344  0.96003385 1.         ... 0.05068344 0.06851667 0.07794857]\n",
      " ...\n",
      " [0.99132414 0.09774177 0.05068344 ... 1.         0.98733186 0.98067772]\n",
      " [0.97900149 0.12736831 0.06851667 ... 0.98733186 1.         0.98482381]\n",
      " [0.95118444 0.14261353 0.07794857 ... 0.98067772 0.98482381 1.        ]]\n",
      "[[1.         0.08207765 0.0416344  ... 0.99132414 0.97900149 0.95118444]\n",
      " [0.08207765 1.         0.96003385 ... 0.09774177 0.12736831 0.14261353]\n",
      " [0.0416344  0.96003385 1.         ... 0.05068344 0.06851667 0.07794857]\n",
      " ...\n",
      " [0.99132414 0.09774177 0.05068344 ... 1.         0.98733186 0.98067772]\n",
      " [0.97900149 0.12736831 0.06851667 ... 0.98733186 1.         0.98482381]\n",
      " [0.95118444 0.14261353 0.07794857 ... 0.98067772 0.98482381 1.        ]]\n",
      "[[1.         0.08207765 0.0416344  ... 0.99132414 0.97900149 0.95118444]\n",
      " [0.08207765 1.         0.96003385 ... 0.09774177 0.12736831 0.14261353]\n",
      " [0.0416344  0.96003385 1.         ... 0.05068344 0.06851667 0.07794857]\n",
      " ...\n",
      " [0.99132414 0.09774177 0.05068344 ... 1.         0.98733186 0.98067772]\n",
      " [0.97900149 0.12736831 0.06851667 ... 0.98733186 1.         0.98482381]\n",
      " [0.95118444 0.14261353 0.07794857 ... 0.98067772 0.98482381 1.        ]]\n",
      "[[1.         0.08207765 0.0416344  ... 0.99132414 0.97900149 0.95118444]\n",
      " [0.08207765 1.         0.96003385 ... 0.09774177 0.12736831 0.14261353]\n",
      " [0.0416344  0.96003385 1.         ... 0.05068344 0.06851667 0.07794857]\n",
      " ...\n",
      " [0.99132414 0.09774177 0.05068344 ... 1.         0.98733186 0.98067772]\n",
      " [0.97900149 0.12736831 0.06851667 ... 0.98733186 1.         0.98482381]\n",
      " [0.95118444 0.14261353 0.07794857 ... 0.98067772 0.98482381 1.        ]]\n",
      "[[1.         0.08207765 0.0416344  ... 0.99132414 0.97900149 0.95118444]\n",
      " [0.08207765 1.         0.96003385 ... 0.09774177 0.12736831 0.14261353]\n",
      " [0.0416344  0.96003385 1.         ... 0.05068344 0.06851667 0.07794857]\n",
      " ...\n",
      " [0.99132414 0.09774177 0.05068344 ... 1.         0.98733186 0.98067772]\n",
      " [0.97900149 0.12736831 0.06851667 ... 0.98733186 1.         0.98482381]\n",
      " [0.95118444 0.14261353 0.07794857 ... 0.98067772 0.98482381 1.        ]]\n",
      "[[1.         0.08207765 0.0416344  ... 0.99132414 0.97900149 0.95118444]\n",
      " [0.08207765 1.         0.96003385 ... 0.09774177 0.12736831 0.14261353]\n",
      " [0.0416344  0.96003385 1.         ... 0.05068344 0.06851667 0.07794857]\n",
      " ...\n",
      " [0.99132414 0.09774177 0.05068344 ... 1.         0.98733186 0.98067772]\n",
      " [0.97900149 0.12736831 0.06851667 ... 0.98733186 1.         0.98482381]\n",
      " [0.95118444 0.14261353 0.07794857 ... 0.98067772 0.98482381 1.        ]]\n",
      "[[1.         0.08207765 0.0416344  ... 0.99132414 0.97900149 0.95118444]\n",
      " [0.08207765 1.         0.96003385 ... 0.09774177 0.12736831 0.14261353]\n",
      " [0.0416344  0.96003385 1.         ... 0.05068344 0.06851667 0.07794857]\n",
      " ...\n",
      " [0.99132414 0.09774177 0.05068344 ... 1.         0.98733186 0.98067772]\n",
      " [0.97900149 0.12736831 0.06851667 ... 0.98733186 1.         0.98482381]\n",
      " [0.95118444 0.14261353 0.07794857 ... 0.98067772 0.98482381 1.        ]]\n",
      "[[1.         0.08207765 0.0416344  ... 0.99132414 0.97900149 0.95118444]\n",
      " [0.08207765 1.         0.96003385 ... 0.09774177 0.12736831 0.14261353]\n",
      " [0.0416344  0.96003385 1.         ... 0.05068344 0.06851667 0.07794857]\n",
      " ...\n",
      " [0.99132414 0.09774177 0.05068344 ... 1.         0.98733186 0.98067772]\n",
      " [0.97900149 0.12736831 0.06851667 ... 0.98733186 1.         0.98482381]\n",
      " [0.95118444 0.14261353 0.07794857 ... 0.98067772 0.98482381 1.        ]]\n",
      "[[1.         0.08207765 0.0416344  ... 0.99132414 0.97900149 0.95118444]\n",
      " [0.08207765 1.         0.96003385 ... 0.09774177 0.12736831 0.14261353]\n",
      " [0.0416344  0.96003385 1.         ... 0.05068344 0.06851667 0.07794857]\n",
      " ...\n",
      " [0.99132414 0.09774177 0.05068344 ... 1.         0.98733186 0.98067772]\n",
      " [0.97900149 0.12736831 0.06851667 ... 0.98733186 1.         0.98482381]\n",
      " [0.95118444 0.14261353 0.07794857 ... 0.98067772 0.98482381 1.        ]]\n",
      "[[1.         0.08207765 0.0416344  ... 0.99132414 0.97900149 0.95118444]\n",
      " [0.08207765 1.         0.96003385 ... 0.09774177 0.12736831 0.14261353]\n",
      " [0.0416344  0.96003385 1.         ... 0.05068344 0.06851667 0.07794857]\n",
      " ...\n",
      " [0.99132414 0.09774177 0.05068344 ... 1.         0.98733186 0.98067772]\n",
      " [0.97900149 0.12736831 0.06851667 ... 0.98733186 1.         0.98482381]\n",
      " [0.95118444 0.14261353 0.07794857 ... 0.98067772 0.98482381 1.        ]]\n",
      "[[1.         0.08207765 0.0416344  ... 0.99132414 0.97900149 0.95118444]\n",
      " [0.08207765 1.         0.96003385 ... 0.09774177 0.12736831 0.14261353]\n",
      " [0.0416344  0.96003385 1.         ... 0.05068344 0.06851667 0.07794857]\n",
      " ...\n",
      " [0.99132414 0.09774177 0.05068344 ... 1.         0.98733186 0.98067772]\n",
      " [0.97900149 0.12736831 0.06851667 ... 0.98733186 1.         0.98482381]\n",
      " [0.95118444 0.14261353 0.07794857 ... 0.98067772 0.98482381 1.        ]]\n",
      "[[1.         0.08207765 0.0416344  ... 0.99132414 0.97900149 0.95118444]\n",
      " [0.08207765 1.         0.96003385 ... 0.09774177 0.12736831 0.14261353]\n",
      " [0.0416344  0.96003385 1.         ... 0.05068344 0.06851667 0.07794857]\n",
      " ...\n",
      " [0.99132414 0.09774177 0.05068344 ... 1.         0.98733186 0.98067772]\n",
      " [0.97900149 0.12736831 0.06851667 ... 0.98733186 1.         0.98482381]\n",
      " [0.95118444 0.14261353 0.07794857 ... 0.98067772 0.98482381 1.        ]]\n",
      "[[1.         0.08207765 0.0416344  ... 0.99132414 0.97900149 0.95118444]\n",
      " [0.08207765 1.         0.96003385 ... 0.09774177 0.12736831 0.14261353]\n",
      " [0.0416344  0.96003385 1.         ... 0.05068344 0.06851667 0.07794857]\n",
      " ...\n",
      " [0.99132414 0.09774177 0.05068344 ... 1.         0.98733186 0.98067772]\n",
      " [0.97900149 0.12736831 0.06851667 ... 0.98733186 1.         0.98482381]\n",
      " [0.95118444 0.14261353 0.07794857 ... 0.98067772 0.98482381 1.        ]]\n",
      "[[1.         0.08207765 0.0416344  ... 0.99132414 0.97900149 0.95118444]\n",
      " [0.08207765 1.         0.96003385 ... 0.09774177 0.12736831 0.14261353]\n",
      " [0.0416344  0.96003385 1.         ... 0.05068344 0.06851667 0.07794857]\n",
      " ...\n",
      " [0.99132414 0.09774177 0.05068344 ... 1.         0.98733186 0.98067772]\n",
      " [0.97900149 0.12736831 0.06851667 ... 0.98733186 1.         0.98482381]\n",
      " [0.95118444 0.14261353 0.07794857 ... 0.98067772 0.98482381 1.        ]]\n",
      "[[1.         0.08207765 0.0416344  ... 0.99132414 0.97900149 0.95118444]\n",
      " [0.08207765 1.         0.96003385 ... 0.09774177 0.12736831 0.14261353]\n",
      " [0.0416344  0.96003385 1.         ... 0.05068344 0.06851667 0.07794857]\n",
      " ...\n",
      " [0.99132414 0.09774177 0.05068344 ... 1.         0.98733186 0.98067772]\n",
      " [0.97900149 0.12736831 0.06851667 ... 0.98733186 1.         0.98482381]\n",
      " [0.95118444 0.14261353 0.07794857 ... 0.98067772 0.98482381 1.        ]]\n",
      "[[1.         0.08207765 0.0416344  ... 0.99132414 0.97900149 0.95118444]\n",
      " [0.08207765 1.         0.96003385 ... 0.09774177 0.12736831 0.14261353]\n",
      " [0.0416344  0.96003385 1.         ... 0.05068344 0.06851667 0.07794857]\n",
      " ...\n",
      " [0.99132414 0.09774177 0.05068344 ... 1.         0.98733186 0.98067772]\n",
      " [0.97900149 0.12736831 0.06851667 ... 0.98733186 1.         0.98482381]\n",
      " [0.95118444 0.14261353 0.07794857 ... 0.98067772 0.98482381 1.        ]]\n",
      "[[1.         0.08207765 0.0416344  ... 0.99132414 0.97900149 0.95118444]\n",
      " [0.08207765 1.         0.96003385 ... 0.09774177 0.12736831 0.14261353]\n",
      " [0.0416344  0.96003385 1.         ... 0.05068344 0.06851667 0.07794857]\n",
      " ...\n",
      " [0.99132414 0.09774177 0.05068344 ... 1.         0.98733186 0.98067772]\n",
      " [0.97900149 0.12736831 0.06851667 ... 0.98733186 1.         0.98482381]\n",
      " [0.95118444 0.14261353 0.07794857 ... 0.98067772 0.98482381 1.        ]]\n",
      "[[1.         0.08207765 0.0416344  ... 0.99132414 0.97900149 0.95118444]\n",
      " [0.08207765 1.         0.96003385 ... 0.09774177 0.12736831 0.14261353]\n",
      " [0.0416344  0.96003385 1.         ... 0.05068344 0.06851667 0.07794857]\n",
      " ...\n",
      " [0.99132414 0.09774177 0.05068344 ... 1.         0.98733186 0.98067772]\n",
      " [0.97900149 0.12736831 0.06851667 ... 0.98733186 1.         0.98482381]\n",
      " [0.95118444 0.14261353 0.07794857 ... 0.98067772 0.98482381 1.        ]]\n",
      "[[1.         0.08207765 0.0416344  ... 0.99132414 0.97900149 0.95118444]\n",
      " [0.08207765 1.         0.96003385 ... 0.09774177 0.12736831 0.14261353]\n",
      " [0.0416344  0.96003385 1.         ... 0.05068344 0.06851667 0.07794857]\n",
      " ...\n",
      " [0.99132414 0.09774177 0.05068344 ... 1.         0.98733186 0.98067772]\n",
      " [0.97900149 0.12736831 0.06851667 ... 0.98733186 1.         0.98482381]\n",
      " [0.95118444 0.14261353 0.07794857 ... 0.98067772 0.98482381 1.        ]]\n",
      "[[1.         0.08207765 0.0416344  ... 0.99132414 0.97900149 0.95118444]\n",
      " [0.08207765 1.         0.96003385 ... 0.09774177 0.12736831 0.14261353]\n",
      " [0.0416344  0.96003385 1.         ... 0.05068344 0.06851667 0.07794857]\n",
      " ...\n",
      " [0.99132414 0.09774177 0.05068344 ... 1.         0.98733186 0.98067772]\n",
      " [0.97900149 0.12736831 0.06851667 ... 0.98733186 1.         0.98482381]\n",
      " [0.95118444 0.14261353 0.07794857 ... 0.98067772 0.98482381 1.        ]]\n",
      "[[1.         0.08207765 0.0416344  ... 0.99132414 0.97900149 0.95118444]\n",
      " [0.08207765 1.         0.96003385 ... 0.09774177 0.12736831 0.14261353]\n",
      " [0.0416344  0.96003385 1.         ... 0.05068344 0.06851667 0.07794857]\n",
      " ...\n",
      " [0.99132414 0.09774177 0.05068344 ... 1.         0.98733186 0.98067772]\n",
      " [0.97900149 0.12736831 0.06851667 ... 0.98733186 1.         0.98482381]\n",
      " [0.95118444 0.14261353 0.07794857 ... 0.98067772 0.98482381 1.        ]]\n",
      "[[1.         0.08207765 0.0416344  ... 0.99132414 0.97900149 0.95118444]\n",
      " [0.08207765 1.         0.96003385 ... 0.09774177 0.12736831 0.14261353]\n",
      " [0.0416344  0.96003385 1.         ... 0.05068344 0.06851667 0.07794857]\n",
      " ...\n",
      " [0.99132414 0.09774177 0.05068344 ... 1.         0.98733186 0.98067772]\n",
      " [0.97900149 0.12736831 0.06851667 ... 0.98733186 1.         0.98482381]\n",
      " [0.95118444 0.14261353 0.07794857 ... 0.98067772 0.98482381 1.        ]]\n",
      "[[1.         0.08207765 0.0416344  ... 0.99132414 0.97900149 0.95118444]\n",
      " [0.08207765 1.         0.96003385 ... 0.09774177 0.12736831 0.14261353]\n",
      " [0.0416344  0.96003385 1.         ... 0.05068344 0.06851667 0.07794857]\n",
      " ...\n",
      " [0.99132414 0.09774177 0.05068344 ... 1.         0.98733186 0.98067772]\n",
      " [0.97900149 0.12736831 0.06851667 ... 0.98733186 1.         0.98482381]\n",
      " [0.95118444 0.14261353 0.07794857 ... 0.98067772 0.98482381 1.        ]]\n",
      "[[1.         0.08207765 0.0416344  ... 0.99132414 0.97900149 0.95118444]\n",
      " [0.08207765 1.         0.96003385 ... 0.09774177 0.12736831 0.14261353]\n",
      " [0.0416344  0.96003385 1.         ... 0.05068344 0.06851667 0.07794857]\n",
      " ...\n",
      " [0.99132414 0.09774177 0.05068344 ... 1.         0.98733186 0.98067772]\n",
      " [0.97900149 0.12736831 0.06851667 ... 0.98733186 1.         0.98482381]\n",
      " [0.95118444 0.14261353 0.07794857 ... 0.98067772 0.98482381 1.        ]]\n",
      "[[1.         0.08207765 0.0416344  ... 0.99132414 0.97900149 0.95118444]\n",
      " [0.08207765 1.         0.96003385 ... 0.09774177 0.12736831 0.14261353]\n",
      " [0.0416344  0.96003385 1.         ... 0.05068344 0.06851667 0.07794857]\n",
      " ...\n",
      " [0.99132414 0.09774177 0.05068344 ... 1.         0.98733186 0.98067772]\n",
      " [0.97900149 0.12736831 0.06851667 ... 0.98733186 1.         0.98482381]\n",
      " [0.95118444 0.14261353 0.07794857 ... 0.98067772 0.98482381 1.        ]]\n",
      "[[1.         0.08207765 0.0416344  ... 0.99132414 0.97900149 0.95118444]\n",
      " [0.08207765 1.         0.96003385 ... 0.09774177 0.12736831 0.14261353]\n",
      " [0.0416344  0.96003385 1.         ... 0.05068344 0.06851667 0.07794857]\n",
      " ...\n",
      " [0.99132414 0.09774177 0.05068344 ... 1.         0.98733186 0.98067772]\n",
      " [0.97900149 0.12736831 0.06851667 ... 0.98733186 1.         0.98482381]\n",
      " [0.95118444 0.14261353 0.07794857 ... 0.98067772 0.98482381 1.        ]]\n",
      "[[1.         0.08207765 0.0416344  ... 0.99132414 0.97900149 0.95118444]\n",
      " [0.08207765 1.         0.96003385 ... 0.09774177 0.12736831 0.14261353]\n",
      " [0.0416344  0.96003385 1.         ... 0.05068344 0.06851667 0.07794857]\n",
      " ...\n",
      " [0.99132414 0.09774177 0.05068344 ... 1.         0.98733186 0.98067772]\n",
      " [0.97900149 0.12736831 0.06851667 ... 0.98733186 1.         0.98482381]\n",
      " [0.95118444 0.14261353 0.07794857 ... 0.98067772 0.98482381 1.        ]]\n",
      "[[1.         0.08207765 0.0416344  ... 0.99132414 0.97900149 0.95118444]\n",
      " [0.08207765 1.         0.96003385 ... 0.09774177 0.12736831 0.14261353]\n",
      " [0.0416344  0.96003385 1.         ... 0.05068344 0.06851667 0.07794857]\n",
      " ...\n",
      " [0.99132414 0.09774177 0.05068344 ... 1.         0.98733186 0.98067772]\n",
      " [0.97900149 0.12736831 0.06851667 ... 0.98733186 1.         0.98482381]\n",
      " [0.95118444 0.14261353 0.07794857 ... 0.98067772 0.98482381 1.        ]]\n",
      "[[1.         0.08207765 0.0416344  ... 0.99132414 0.97900149 0.95118444]\n",
      " [0.08207765 1.         0.96003385 ... 0.09774177 0.12736831 0.14261353]\n",
      " [0.0416344  0.96003385 1.         ... 0.05068344 0.06851667 0.07794857]\n",
      " ...\n",
      " [0.99132414 0.09774177 0.05068344 ... 1.         0.98733186 0.98067772]\n",
      " [0.97900149 0.12736831 0.06851667 ... 0.98733186 1.         0.98482381]\n",
      " [0.95118444 0.14261353 0.07794857 ... 0.98067772 0.98482381 1.        ]]\n",
      "[[1.         0.08207765 0.0416344  ... 0.99132414 0.97900149 0.95118444]\n",
      " [0.08207765 1.         0.96003385 ... 0.09774177 0.12736831 0.14261353]\n",
      " [0.0416344  0.96003385 1.         ... 0.05068344 0.06851667 0.07794857]\n",
      " ...\n",
      " [0.99132414 0.09774177 0.05068344 ... 1.         0.98733186 0.98067772]\n",
      " [0.97900149 0.12736831 0.06851667 ... 0.98733186 1.         0.98482381]\n",
      " [0.95118444 0.14261353 0.07794857 ... 0.98067772 0.98482381 1.        ]]\n",
      "[[1.         0.08207765 0.0416344  ... 0.99132414 0.97900149 0.95118444]\n",
      " [0.08207765 1.         0.96003385 ... 0.09774177 0.12736831 0.14261353]\n",
      " [0.0416344  0.96003385 1.         ... 0.05068344 0.06851667 0.07794857]\n",
      " ...\n",
      " [0.99132414 0.09774177 0.05068344 ... 1.         0.98733186 0.98067772]\n",
      " [0.97900149 0.12736831 0.06851667 ... 0.98733186 1.         0.98482381]\n",
      " [0.95118444 0.14261353 0.07794857 ... 0.98067772 0.98482381 1.        ]]\n",
      "[[1.         0.08207765 0.0416344  ... 0.99132414 0.97900149 0.95118444]\n",
      " [0.08207765 1.         0.96003385 ... 0.09774177 0.12736831 0.14261353]\n",
      " [0.0416344  0.96003385 1.         ... 0.05068344 0.06851667 0.07794857]\n",
      " ...\n",
      " [0.99132414 0.09774177 0.05068344 ... 1.         0.98733186 0.98067772]\n",
      " [0.97900149 0.12736831 0.06851667 ... 0.98733186 1.         0.98482381]\n",
      " [0.95118444 0.14261353 0.07794857 ... 0.98067772 0.98482381 1.        ]]\n",
      "[[1.         0.08207765 0.0416344  ... 0.99132414 0.97900149 0.95118444]\n",
      " [0.08207765 1.         0.96003385 ... 0.09774177 0.12736831 0.14261353]\n",
      " [0.0416344  0.96003385 1.         ... 0.05068344 0.06851667 0.07794857]\n",
      " ...\n",
      " [0.99132414 0.09774177 0.05068344 ... 1.         0.98733186 0.98067772]\n",
      " [0.97900149 0.12736831 0.06851667 ... 0.98733186 1.         0.98482381]\n",
      " [0.95118444 0.14261353 0.07794857 ... 0.98067772 0.98482381 1.        ]]\n",
      "[[1.         0.08207765 0.0416344  ... 0.99132414 0.97900149 0.95118444]\n",
      " [0.08207765 1.         0.96003385 ... 0.09774177 0.12736831 0.14261353]\n",
      " [0.0416344  0.96003385 1.         ... 0.05068344 0.06851667 0.07794857]\n",
      " ...\n",
      " [0.99132414 0.09774177 0.05068344 ... 1.         0.98733186 0.98067772]\n",
      " [0.97900149 0.12736831 0.06851667 ... 0.98733186 1.         0.98482381]\n",
      " [0.95118444 0.14261353 0.07794857 ... 0.98067772 0.98482381 1.        ]]\n",
      "[[1.         0.08207765 0.0416344  ... 0.99132414 0.97900149 0.95118444]\n",
      " [0.08207765 1.         0.96003385 ... 0.09774177 0.12736831 0.14261353]\n",
      " [0.0416344  0.96003385 1.         ... 0.05068344 0.06851667 0.07794857]\n",
      " ...\n",
      " [0.99132414 0.09774177 0.05068344 ... 1.         0.98733186 0.98067772]\n",
      " [0.97900149 0.12736831 0.06851667 ... 0.98733186 1.         0.98482381]\n",
      " [0.95118444 0.14261353 0.07794857 ... 0.98067772 0.98482381 1.        ]]\n",
      "[[1.         0.08207765 0.0416344  ... 0.99132414 0.97900149 0.95118444]\n",
      " [0.08207765 1.         0.96003385 ... 0.09774177 0.12736831 0.14261353]\n",
      " [0.0416344  0.96003385 1.         ... 0.05068344 0.06851667 0.07794857]\n",
      " ...\n",
      " [0.99132414 0.09774177 0.05068344 ... 1.         0.98733186 0.98067772]\n",
      " [0.97900149 0.12736831 0.06851667 ... 0.98733186 1.         0.98482381]\n",
      " [0.95118444 0.14261353 0.07794857 ... 0.98067772 0.98482381 1.        ]]\n",
      "[[1.         0.08207765 0.0416344  ... 0.99132414 0.97900149 0.95118444]\n",
      " [0.08207765 1.         0.96003385 ... 0.09774177 0.12736831 0.14261353]\n",
      " [0.0416344  0.96003385 1.         ... 0.05068344 0.06851667 0.07794857]\n",
      " ...\n",
      " [0.99132414 0.09774177 0.05068344 ... 1.         0.98733186 0.98067772]\n",
      " [0.97900149 0.12736831 0.06851667 ... 0.98733186 1.         0.98482381]\n",
      " [0.95118444 0.14261353 0.07794857 ... 0.98067772 0.98482381 1.        ]]\n",
      "[[1.         0.08207765 0.0416344  ... 0.99132414 0.97900149 0.95118444]\n",
      " [0.08207765 1.         0.96003385 ... 0.09774177 0.12736831 0.14261353]\n",
      " [0.0416344  0.96003385 1.         ... 0.05068344 0.06851667 0.07794857]\n",
      " ...\n",
      " [0.99132414 0.09774177 0.05068344 ... 1.         0.98733186 0.98067772]\n",
      " [0.97900149 0.12736831 0.06851667 ... 0.98733186 1.         0.98482381]\n",
      " [0.95118444 0.14261353 0.07794857 ... 0.98067772 0.98482381 1.        ]]\n",
      "[[1.         0.08207765 0.0416344  ... 0.99132414 0.97900149 0.95118444]\n",
      " [0.08207765 1.         0.96003385 ... 0.09774177 0.12736831 0.14261353]\n",
      " [0.0416344  0.96003385 1.         ... 0.05068344 0.06851667 0.07794857]\n",
      " ...\n",
      " [0.99132414 0.09774177 0.05068344 ... 1.         0.98733186 0.98067772]\n",
      " [0.97900149 0.12736831 0.06851667 ... 0.98733186 1.         0.98482381]\n",
      " [0.95118444 0.14261353 0.07794857 ... 0.98067772 0.98482381 1.        ]]\n",
      "[[1.         0.08207765 0.0416344  ... 0.99132414 0.97900149 0.95118444]\n",
      " [0.08207765 1.         0.96003385 ... 0.09774177 0.12736831 0.14261353]\n",
      " [0.0416344  0.96003385 1.         ... 0.05068344 0.06851667 0.07794857]\n",
      " ...\n",
      " [0.99132414 0.09774177 0.05068344 ... 1.         0.98733186 0.98067772]\n",
      " [0.97900149 0.12736831 0.06851667 ... 0.98733186 1.         0.98482381]\n",
      " [0.95118444 0.14261353 0.07794857 ... 0.98067772 0.98482381 1.        ]]\n",
      "[[1.         0.08207765 0.0416344  ... 0.99132414 0.97900149 0.95118444]\n",
      " [0.08207765 1.         0.96003385 ... 0.09774177 0.12736831 0.14261353]\n",
      " [0.0416344  0.96003385 1.         ... 0.05068344 0.06851667 0.07794857]\n",
      " ...\n",
      " [0.99132414 0.09774177 0.05068344 ... 1.         0.98733186 0.98067772]\n",
      " [0.97900149 0.12736831 0.06851667 ... 0.98733186 1.         0.98482381]\n",
      " [0.95118444 0.14261353 0.07794857 ... 0.98067772 0.98482381 1.        ]]\n",
      "[[1.         0.08207765 0.0416344  ... 0.99132414 0.97900149 0.95118444]\n",
      " [0.08207765 1.         0.96003385 ... 0.09774177 0.12736831 0.14261353]\n",
      " [0.0416344  0.96003385 1.         ... 0.05068344 0.06851667 0.07794857]\n",
      " ...\n",
      " [0.99132414 0.09774177 0.05068344 ... 1.         0.98733186 0.98067772]\n",
      " [0.97900149 0.12736831 0.06851667 ... 0.98733186 1.         0.98482381]\n",
      " [0.95118444 0.14261353 0.07794857 ... 0.98067772 0.98482381 1.        ]]\n",
      "[[1.         0.08207765 0.0416344  ... 0.99132414 0.97900149 0.95118444]\n",
      " [0.08207765 1.         0.96003385 ... 0.09774177 0.12736831 0.14261353]\n",
      " [0.0416344  0.96003385 1.         ... 0.05068344 0.06851667 0.07794857]\n",
      " ...\n",
      " [0.99132414 0.09774177 0.05068344 ... 1.         0.98733186 0.98067772]\n",
      " [0.97900149 0.12736831 0.06851667 ... 0.98733186 1.         0.98482381]\n",
      " [0.95118444 0.14261353 0.07794857 ... 0.98067772 0.98482381 1.        ]]\n",
      "[[1.         0.08207765 0.0416344  ... 0.99132414 0.97900149 0.95118444]\n",
      " [0.08207765 1.         0.96003385 ... 0.09774177 0.12736831 0.14261353]\n",
      " [0.0416344  0.96003385 1.         ... 0.05068344 0.06851667 0.07794857]\n",
      " ...\n",
      " [0.99132414 0.09774177 0.05068344 ... 1.         0.98733186 0.98067772]\n",
      " [0.97900149 0.12736831 0.06851667 ... 0.98733186 1.         0.98482381]\n",
      " [0.95118444 0.14261353 0.07794857 ... 0.98067772 0.98482381 1.        ]]\n",
      "[[1.         0.08207765 0.0416344  ... 0.99132414 0.97900149 0.95118444]\n",
      " [0.08207765 1.         0.96003385 ... 0.09774177 0.12736831 0.14261353]\n",
      " [0.0416344  0.96003385 1.         ... 0.05068344 0.06851667 0.07794857]\n",
      " ...\n",
      " [0.99132414 0.09774177 0.05068344 ... 1.         0.98733186 0.98067772]\n",
      " [0.97900149 0.12736831 0.06851667 ... 0.98733186 1.         0.98482381]\n",
      " [0.95118444 0.14261353 0.07794857 ... 0.98067772 0.98482381 1.        ]]\n",
      "[[1.         0.08207765 0.0416344  ... 0.99132414 0.97900149 0.95118444]\n",
      " [0.08207765 1.         0.96003385 ... 0.09774177 0.12736831 0.14261353]\n",
      " [0.0416344  0.96003385 1.         ... 0.05068344 0.06851667 0.07794857]\n",
      " ...\n",
      " [0.99132414 0.09774177 0.05068344 ... 1.         0.98733186 0.98067772]\n",
      " [0.97900149 0.12736831 0.06851667 ... 0.98733186 1.         0.98482381]\n",
      " [0.95118444 0.14261353 0.07794857 ... 0.98067772 0.98482381 1.        ]]\n",
      "[[1.         0.08207765 0.0416344  ... 0.99132414 0.97900149 0.95118444]\n",
      " [0.08207765 1.         0.96003385 ... 0.09774177 0.12736831 0.14261353]\n",
      " [0.0416344  0.96003385 1.         ... 0.05068344 0.06851667 0.07794857]\n",
      " ...\n",
      " [0.99132414 0.09774177 0.05068344 ... 1.         0.98733186 0.98067772]\n",
      " [0.97900149 0.12736831 0.06851667 ... 0.98733186 1.         0.98482381]\n",
      " [0.95118444 0.14261353 0.07794857 ... 0.98067772 0.98482381 1.        ]]\n",
      "[[1.         0.08207765 0.0416344  ... 0.99132414 0.97900149 0.95118444]\n",
      " [0.08207765 1.         0.96003385 ... 0.09774177 0.12736831 0.14261353]\n",
      " [0.0416344  0.96003385 1.         ... 0.05068344 0.06851667 0.07794857]\n",
      " ...\n",
      " [0.99132414 0.09774177 0.05068344 ... 1.         0.98733186 0.98067772]\n",
      " [0.97900149 0.12736831 0.06851667 ... 0.98733186 1.         0.98482381]\n",
      " [0.95118444 0.14261353 0.07794857 ... 0.98067772 0.98482381 1.        ]]\n",
      "[[1.         0.08207765 0.0416344  ... 0.99132414 0.97900149 0.95118444]\n",
      " [0.08207765 1.         0.96003385 ... 0.09774177 0.12736831 0.14261353]\n",
      " [0.0416344  0.96003385 1.         ... 0.05068344 0.06851667 0.07794857]\n",
      " ...\n",
      " [0.99132414 0.09774177 0.05068344 ... 1.         0.98733186 0.98067772]\n",
      " [0.97900149 0.12736831 0.06851667 ... 0.98733186 1.         0.98482381]\n",
      " [0.95118444 0.14261353 0.07794857 ... 0.98067772 0.98482381 1.        ]]\n",
      "[[1.         0.08207765 0.0416344  ... 0.99132414 0.97900149 0.95118444]\n",
      " [0.08207765 1.         0.96003385 ... 0.09774177 0.12736831 0.14261353]\n",
      " [0.0416344  0.96003385 1.         ... 0.05068344 0.06851667 0.07794857]\n",
      " ...\n",
      " [0.99132414 0.09774177 0.05068344 ... 1.         0.98733186 0.98067772]\n",
      " [0.97900149 0.12736831 0.06851667 ... 0.98733186 1.         0.98482381]\n",
      " [0.95118444 0.14261353 0.07794857 ... 0.98067772 0.98482381 1.        ]]\n",
      "[[1.         0.08207765 0.0416344  ... 0.99132414 0.97900149 0.95118444]\n",
      " [0.08207765 1.         0.96003385 ... 0.09774177 0.12736831 0.14261353]\n",
      " [0.0416344  0.96003385 1.         ... 0.05068344 0.06851667 0.07794857]\n",
      " ...\n",
      " [0.99132414 0.09774177 0.05068344 ... 1.         0.98733186 0.98067772]\n",
      " [0.97900149 0.12736831 0.06851667 ... 0.98733186 1.         0.98482381]\n",
      " [0.95118444 0.14261353 0.07794857 ... 0.98067772 0.98482381 1.        ]]\n",
      "[[1.         0.08207765 0.0416344  ... 0.99132414 0.97900149 0.95118444]\n",
      " [0.08207765 1.         0.96003385 ... 0.09774177 0.12736831 0.14261353]\n",
      " [0.0416344  0.96003385 1.         ... 0.05068344 0.06851667 0.07794857]\n",
      " ...\n",
      " [0.99132414 0.09774177 0.05068344 ... 1.         0.98733186 0.98067772]\n",
      " [0.97900149 0.12736831 0.06851667 ... 0.98733186 1.         0.98482381]\n",
      " [0.95118444 0.14261353 0.07794857 ... 0.98067772 0.98482381 1.        ]]\n",
      "[[1.         0.08207765 0.0416344  ... 0.99132414 0.97900149 0.95118444]\n",
      " [0.08207765 1.         0.96003385 ... 0.09774177 0.12736831 0.14261353]\n",
      " [0.0416344  0.96003385 1.         ... 0.05068344 0.06851667 0.07794857]\n",
      " ...\n",
      " [0.99132414 0.09774177 0.05068344 ... 1.         0.98733186 0.98067772]\n",
      " [0.97900149 0.12736831 0.06851667 ... 0.98733186 1.         0.98482381]\n",
      " [0.95118444 0.14261353 0.07794857 ... 0.98067772 0.98482381 1.        ]]\n",
      "[[1.         0.08207765 0.0416344  ... 0.99132414 0.97900149 0.95118444]\n",
      " [0.08207765 1.         0.96003385 ... 0.09774177 0.12736831 0.14261353]\n",
      " [0.0416344  0.96003385 1.         ... 0.05068344 0.06851667 0.07794857]\n",
      " ...\n",
      " [0.99132414 0.09774177 0.05068344 ... 1.         0.98733186 0.98067772]\n",
      " [0.97900149 0.12736831 0.06851667 ... 0.98733186 1.         0.98482381]\n",
      " [0.95118444 0.14261353 0.07794857 ... 0.98067772 0.98482381 1.        ]]\n",
      "[[1.         0.08207765 0.0416344  ... 0.99132414 0.97900149 0.95118444]\n",
      " [0.08207765 1.         0.96003385 ... 0.09774177 0.12736831 0.14261353]\n",
      " [0.0416344  0.96003385 1.         ... 0.05068344 0.06851667 0.07794857]\n",
      " ...\n",
      " [0.99132414 0.09774177 0.05068344 ... 1.         0.98733186 0.98067772]\n",
      " [0.97900149 0.12736831 0.06851667 ... 0.98733186 1.         0.98482381]\n",
      " [0.95118444 0.14261353 0.07794857 ... 0.98067772 0.98482381 1.        ]]\n",
      "[[1.         0.08207765 0.0416344  ... 0.99132414 0.97900149 0.95118444]\n",
      " [0.08207765 1.         0.96003385 ... 0.09774177 0.12736831 0.14261353]\n",
      " [0.0416344  0.96003385 1.         ... 0.05068344 0.06851667 0.07794857]\n",
      " ...\n",
      " [0.99132414 0.09774177 0.05068344 ... 1.         0.98733186 0.98067772]\n",
      " [0.97900149 0.12736831 0.06851667 ... 0.98733186 1.         0.98482381]\n",
      " [0.95118444 0.14261353 0.07794857 ... 0.98067772 0.98482381 1.        ]]\n",
      "[[1.         0.08207765 0.0416344  ... 0.99132414 0.97900149 0.95118444]\n",
      " [0.08207765 1.         0.96003385 ... 0.09774177 0.12736831 0.14261353]\n",
      " [0.0416344  0.96003385 1.         ... 0.05068344 0.06851667 0.07794857]\n",
      " ...\n",
      " [0.99132414 0.09774177 0.05068344 ... 1.         0.98733186 0.98067772]\n",
      " [0.97900149 0.12736831 0.06851667 ... 0.98733186 1.         0.98482381]\n",
      " [0.95118444 0.14261353 0.07794857 ... 0.98067772 0.98482381 1.        ]]\n",
